arial
res/fonts/arial_0.png
256 256
32 0 0
95
32 
106 165 8 32
33
151 165 8 32
34
206 132 10 32
35
106 66 16 32
36
191 66 16 32
37
57 0 24 32
38
180 33 18 32
39
250 132 5 32
40
0 165 9 32
41
30 165 9 32
42
194 132 11 32
43
174 66 16 32
44
115 165 8 32
45
20 165 8 32
46
124 165 8 32
47
217 132 10 32
48
207 66 15 32
49
223 66 15 32
50
239 66 15 32
51
0 99 15 32
52
16 99 15 32
53
32 99 15 32
54
128 99 15 32
55
48 99 15 32
56
64 99 15 32
57
80 99 15 32
58
97 165 8 32
59
88 165 8 32
60
123 66 16 32
61
140 66 16 32
62
157 66 16 32
63
96 99 15 32
64
29 0 27 32
65
122 33 19 32
66
237 0 18 32
67
0 33 20 32
68
21 33 20 32
69
161 33 18 32
70
0 66 17 32
71
129 0 21 32
72
102 33 19 32
73
79 165 8 32
74
140 132 13 32
75
82 33 19 32
76
112 99 15 32
77
82 0 23 32
78
62 33 19 32
79
173 0 21 32
80
218 33 17 32
81
151 0 21 32
82
216 0 20 32
83
142 33 18 32
84
72 66 16 32
85
42 33 19 32
86
18 66 17 32
87
0 0 28 32
88
36 66 17 32
89
199 33 18 32
90
54 66 17 32
91
142 165 8 32
92
60 165 8 32
93
70 165 9 32
94
181 132 12 32
95
236 33 17 32
96
10 165 9 32
97
144 99 15 32
98
160 99 15 32
99
110 132 14 32
100
176 99 15 32
101
192 99 15 32
102
228 132 10 32
103
208 99 15 32
104
32 132 15 32
105
175 165 6 32
106
160 165 7 32
107
95 132 14 32
108
168 165 6 32
109
106 0 22 32
110
224 99 15 32
111
240 99 15 32
112
0 132 15 32
113
16 132 15 32 
114
239 132 10 32
115
80 132 14 32
116
133 165 8 32
117
48 132 15 32
118
64 132 15 32
119
195 0 20 32
120
168 132 12 32
121
125 132 14 32
122
154 132 13 32
123
40 165 9 32
124
182 165 6 32
125
50 165 9 32
126
89 66 16 32